object Form4: TForm4
  Left = 0
  Top = 0
  Caption = 'Form4'
  ClientHeight = 221
  ClientWidth = 329
  Color = clBtnFace
  Font.Charset = DEFAULT_CHARSET
  Font.Color = clWindowText
  Font.Height = -12
  Font.Name = 'Segoe UI'
  Font.Style = []
  TextHeight = 15
  object DateTimePicker1: TDateTimePicker
    Left = 120
    Top = 76
    Width = 186
    Height = 20
    Date = 45600.000000000000000000
    Time = 0.005062268515757751
    TabOrder = 0
  end
  object DateTimePicker2: TDateTimePicker
    Left = 120
    Top = 120
    Width = 186
    Height = 20
    Date = 45614.000000000000000000
    Time = 0.005122812501213048
    TabOrder = 1
  end
  object Button1: TButton
    Left = 144
    Top = 160
    Width = 129
    Height = 25
    Caption = #1042#1082#1083'. / '#1042#1099#1082#1083'. '#1092#1080#1083#1100#1090#1088
    TabOrder = 2
    OnClick = Button1Click
  end
  object StaticText1: TStaticText
    Left = 100
    Top = 24
    Width = 162
    Height = 19
    Caption = #1060#1080#1083#1100#1090#1088' '#1087#1086' '#1076#1072#1090#1077' '#1087#1086#1089#1090#1091#1087#1083#1077#1085#1080#1103
    TabOrder = 3
  end
  object StaticText2: TStaticText
    Left = 15
    Top = 80
    Width = 90
    Height = 20
    Caption = #1053#1072#1095#1072#1083#1100#1085#1072#1103' '#1076#1072#1090#1072
    TabOrder = 4
  end
  object StaticText3: TStaticText
    Left = 15
    Top = 120
    Width = 83
    Height = 20
    Caption = #1050#1086#1085#1077#1095#1085#1072#1103' '#1076#1072#1090#1072
    TabOrder = 5
  end
end
