object Form4: TForm4
  Left = 0
  Top = 0
  Caption = 'Form4'
  ClientHeight = 441
  ClientWidth = 624
  Color = clBtnFace
  Font.Charset = DEFAULT_CHARSET
  Font.Color = clWindowText
  Font.Height = -12
  Font.Name = 'Segoe UI'
  Font.Style = []
  TextHeight = 15
  object DateTimePicker1: TDateTimePicker
    Left = 232
    Top = 32
    Width = 186
    Height = 23
    Date = 45600.000000000000000000
    Time = 0.005062268515757751
    TabOrder = 0
  end
  object DateTimePicker2: TDateTimePicker
    Left = 232
    Top = 272
    Width = 186
    Height = 23
    Date = 45614.000000000000000000
    Time = 0.005122812501213048
    TabOrder = 1
  end
  object Button1: TButton
    Left = 416
    Top = 336
    Width = 129
    Height = 25
    Caption = #1042#1082#1083'. / '#1042#1099#1082#1083'. '#1076#1080#1072#1087#1086#1079#1086#1085
    TabOrder = 2
    OnClick = Button1Click
  end
end
